,volatility_12w,spread_pct,import_hhi,import_yoy,import_cagr3,production_hhi,ref_price,logret
volatility_12w,1.0,0.1,-0.04,0.04,-0.13,0.13,0.09,0.04
spread_pct,0.1,1.0,0.21,0.34,-0.21,-0.72,-0.08,0.13
import_hhi,-0.04,0.21,1.0,0.31,0.44,-0.05,-0.13,0.01
import_yoy,0.04,0.34,0.31,1.0,0.5,0.03,-0.15,-0.21
import_cagr3,-0.13,-0.21,0.44,0.5,1.0,-0.44,-0.59,-0.16
production_hhi,0.13,-0.72,-0.05,0.03,-0.44,1.0,0.76,0.02
ref_price,0.09,-0.08,-0.13,-0.15,-0.59,0.76,1.0,0.0
logret,0.04,0.13,0.01,-0.21,-0.16,0.02,0.0,1.0
